{
    "海南省": {
        "2013": [
            [
                1.0,
                1.0,
                0.99,
                0.96,
                0.93,
                0.95,
                0.89
            ],
            [
                1.0,
                1.0,
                0.99,
                0.95,
                0.92,
                0.94,
                0.88
            ],
            [
                0.99,
                0.99,
                1.0,
                0.96,
                0.92,
                0.96,
                0.88
            ],
            [
                0.96,
                0.95,
                0.96,
                1.0,
                0.93,
                0.96,
                0.88
            ],
            [
                0.93,
                0.92,
                0.92,
                0.93,
                1.0,
                0.96,
                0.73
            ],
            [
                0.95,
                0.94,
                0.96,
                0.96,
                0.96,
                1.0,
                0.85
            ],
            [
                0.89,
                0.88,
                0.88,
                0.88,
                0.73,
                0.85,
                1.0
            ]
        ],
        "2014": [
            [
                1.0,
                0.99,
                1.0,
                0.89,
                0.78,
                0.94,
                0.81
            ],
            [
                0.99,
                1.0,
                1.0,
                0.87,
                0.76,
                0.94,
                0.78
            ],
            [
                1.0,
                1.0,
                1.0,
                0.87,
                0.76,
                0.94,
                0.81
            ],
            [
                0.89,
                0.87,
                0.87,
                1.0,
                0.94,
                0.88,
                0.69
            ],
            [
                0.78,
                0.76,
                0.76,
                0.94,
                1.0,
                0.85,
                0.55
            ],
            [
                0.94,
                0.94,
                0.94,
                0.88,
                0.85,
                1.0,
                0.82
            ],
            [
                0.81,
                0.78,
                0.81,
                0.69,
                0.55,
                0.82,
                1.0
            ]
        ],
        "2015": [
            [
                1.0,
                0.99,
                0.98,
                0.77,
                0.69,
                0.92,
                0.84
            ],
            [
                0.99,
                1.0,
                0.99,
                0.76,
                0.7,
                0.91,
                0.82
            ],
            [
                0.98,
                0.99,
                1.0,
                0.77,
                0.68,
                0.91,
                0.86
            ],
            [
                0.77,
                0.76,
                0.77,
                1.0,
                0.93,
                0.92,
                0.68
            ],
            [
                0.69,
                0.7,
                0.68,
                0.93,
                1.0,
                0.89,
                0.55
            ],
            [
                0.92,
                0.91,
                0.91,
                0.92,
                0.89,
                1.0,
                0.78
            ],
            [
                0.84,
                0.82,
                0.86,
                0.68,
                0.55,
                0.78,
                1.0
            ]
        ],
        "2016": [
            [
                1.0,
                0.98,
                0.99,
                0.93,
                0.9,
                0.96,
                0.93
            ],
            [
                0.98,
                1.0,
                0.99,
                0.91,
                0.86,
                0.93,
                0.9
            ],
            [
                0.99,
                0.99,
                1.0,
                0.89,
                0.89,
                0.96,
                0.92
            ],
            [
                0.93,
                0.91,
                0.89,
                1.0,
                0.88,
                0.85,
                0.81
            ],
            [
                0.9,
                0.86,
                0.89,
                0.88,
                1.0,
                0.93,
                0.76
            ],
            [
                0.96,
                0.93,
                0.96,
                0.85,
                0.93,
                1.0,
                0.86
            ],
            [
                0.93,
                0.9,
                0.92,
                0.81,
                0.76,
                0.86,
                1.0
            ]
        ],
        "2017": [
            [
                1.0,
                0.98,
                0.99,
                0.77,
                0.79,
                0.92,
                0.9
            ],
            [
                0.98,
                1.0,
                0.99,
                0.78,
                0.78,
                0.9,
                0.91
            ],
            [
                0.99,
                0.99,
                1.0,
                0.76,
                0.78,
                0.93,
                0.91
            ],
            [
                0.77,
                0.78,
                0.76,
                1.0,
                0.91,
                0.87,
                0.59
            ],
            [
                0.79,
                0.78,
                0.78,
                0.91,
                1.0,
                0.78,
                0.49
            ],
            [
                0.92,
                0.9,
                0.93,
                0.87,
                0.78,
                1.0,
                0.86
            ],
            [
                0.9,
                0.91,
                0.91,
                0.59,
                0.49,
                0.86,
                1.0
            ]
        ],
        "2018": [
            [
                1.0,
                0.97,
                0.98,
                0.77,
                0.59,
                0.92,
                0.74
            ],
            [
                0.97,
                1.0,
                0.96,
                0.68,
                0.49,
                0.82,
                0.73
            ],
            [
                0.98,
                0.96,
                1.0,
                0.79,
                0.64,
                0.92,
                0.72
            ],
            [
                0.77,
                0.68,
                0.79,
                1.0,
                0.82,
                0.92,
                0.37
            ],
            [
                0.59,
                0.49,
                0.64,
                0.82,
                1.0,
                0.81,
                0.05
            ],
            [
                0.92,
                0.82,
                0.92,
                0.92,
                0.81,
                1.0,
                0.55
            ],
            [
                0.74,
                0.73,
                0.72,
                0.37,
                0.05,
                0.55,
                1.0
            ]
        ]
    },
    "广东省": {
        "2013": [
            [
                1.0,
                1.0,
                0.99,
                0.94,
                0.82,
                0.91,
                0.42
            ],
            [
                1.0,
                1.0,
                0.99,
                0.94,
                0.83,
                0.92,
                0.4
            ],
            [
                0.99,
                0.99,
                1.0,
                0.97,
                0.86,
                0.93,
                0.44
            ],
            [
                0.94,
                0.94,
                0.97,
                1.0,
                0.94,
                0.96,
                0.37
            ],
            [
                0.82,
                0.83,
                0.86,
                0.94,
                1.0,
                0.94,
                0.07
            ],
            [
                0.91,
                0.92,
                0.93,
                0.96,
                0.94,
                1.0,
                0.14
            ],
            [
                0.42,
                0.4,
                0.44,
                0.37,
                0.07,
                0.14,
                1.0
            ]
        ],
        "2014": [
            [
                1.0,
                1.0,
                0.98,
                0.84,
                0.9,
                0.89,
                0.39
            ],
            [
                1.0,
                1.0,
                0.98,
                0.84,
                0.89,
                0.88,
                0.4
            ],
            [
                0.98,
                0.98,
                1.0,
                0.92,
                0.93,
                0.8,
                0.4
            ],
            [
                0.84,
                0.84,
                0.92,
                1.0,
                0.84,
                0.56,
                0.36
            ],
            [
                0.9,
                0.89,
                0.93,
                0.84,
                1.0,
                0.83,
                0.05
            ],
            [
                0.89,
                0.88,
                0.8,
                0.56,
                0.83,
                1.0,
                0.12
            ],
            [
                0.39,
                0.4,
                0.4,
                0.36,
                0.05,
                0.12,
                1.0
            ]
        ],
        "2015": [
            [
                1.0,
                1.0,
                1.0,
                0.79,
                0.84,
                0.84,
                0.26
            ],
            [
                1.0,
                1.0,
                0.99,
                0.75,
                0.82,
                0.81,
                0.28
            ],
            [
                1.0,
                0.99,
                1.0,
                0.82,
                0.86,
                0.84,
                0.24
            ],
            [
                0.79,
                0.75,
                0.82,
                1.0,
                0.88,
                0.79,
                -0.03
            ],
            [
                0.84,
                0.82,
                0.86,
                0.88,
                1.0,
                0.9,
                -0.22
            ],
            [
                0.84,
                0.81,
                0.84,
                0.79,
                0.9,
                1.0,
                -0.25
            ],
            [
                0.26,
                0.28,
                0.24,
                -0.03,
                -0.22,
                -0.25,
                1.0
            ]
        ],
        "2016": [
            [
                1.0,
                0.99,
                1.0,
                0.85,
                0.81,
                0.73,
                0.27
            ],
            [
                0.99,
                1.0,
                0.99,
                0.86,
                0.83,
                0.73,
                0.23
            ],
            [
                1.0,
                0.99,
                1.0,
                0.86,
                0.82,
                0.73,
                0.25
            ],
            [
                0.85,
                0.86,
                0.86,
                1.0,
                0.82,
                0.86,
                0.09
            ],
            [
                0.81,
                0.83,
                0.82,
                0.82,
                1.0,
                0.85,
                -0.24
            ],
            [
                0.73,
                0.73,
                0.73,
                0.86,
                0.85,
                1.0,
                -0.28
            ],
            [
                0.27,
                0.23,
                0.25,
                0.09,
                -0.24,
                -0.28,
                1.0
            ]
        ],
        "2017": [
            [
                1.0,
                1.0,
                1.0,
                0.88,
                0.86,
                0.94,
                0.45
            ],
            [
                1.0,
                1.0,
                0.99,
                0.87,
                0.87,
                0.94,
                0.41
            ],
            [
                1.0,
                0.99,
                1.0,
                0.9,
                0.88,
                0.91,
                0.47
            ],
            [
                0.88,
                0.87,
                0.9,
                1.0,
                0.86,
                0.77,
                0.43
            ],
            [
                0.86,
                0.87,
                0.88,
                0.86,
                1.0,
                0.83,
                0.11
            ],
            [
                0.94,
                0.94,
                0.91,
                0.77,
                0.83,
                1.0,
                0.32
            ],
            [
                0.45,
                0.41,
                0.47,
                0.43,
                0.11,
                0.32,
                1.0
            ]
        ],
        "2018": [
            [
                1.0,
                0.99,
                0.99,
                0.81,
                0.73,
                0.78,
                0.01
            ],
            [
                0.99,
                1.0,
                0.97,
                0.8,
                0.75,
                0.81,
                0.04
            ],
            [
                0.99,
                0.97,
                1.0,
                0.8,
                0.67,
                0.73,
                0.03
            ],
            [
                0.81,
                0.8,
                0.8,
                1.0,
                0.79,
                0.76,
                -0.25
            ],
            [
                0.73,
                0.75,
                0.67,
                0.79,
                1.0,
                0.95,
                -0.39
            ],
            [
                0.78,
                0.81,
                0.73,
                0.76,
                0.95,
                1.0,
                -0.31
            ],
            [
                0.01,
                0.04,
                0.03,
                -0.25,
                -0.39,
                -0.31,
                1.0
            ]
        ]
    },
    "云南省": {
        "2013": [
            [
                1.0,
                1.0,
                0.99,
                0.63,
                0.7,
                0.79,
                0.63
            ],
            [
                1.0,
                1.0,
                0.99,
                0.61,
                0.7,
                0.78,
                0.65
            ],
            [
                0.99,
                0.99,
                1.0,
                0.57,
                0.67,
                0.81,
                0.67
            ],
            [
                0.63,
                0.61,
                0.57,
                1.0,
                0.74,
                0.68,
                -0.04
            ],
            [
                0.7,
                0.7,
                0.67,
                0.74,
                1.0,
                0.69,
                0.11
            ],
            [
                0.79,
                0.78,
                0.81,
                0.68,
                0.69,
                1.0,
                0.42
            ],
            [
                0.63,
                0.65,
                0.67,
                -0.04,
                0.11,
                0.42,
                1.0
            ]
        ],
        "2014": [
            [
                1.0,
                1.0,
                0.98,
                0.58,
                0.5,
                0.74,
                0.41
            ],
            [
                1.0,
                1.0,
                0.98,
                0.55,
                0.48,
                0.72,
                0.41
            ],
            [
                0.98,
                0.98,
                1.0,
                0.53,
                0.54,
                0.74,
                0.38
            ],
            [
                0.58,
                0.55,
                0.53,
                1.0,
                0.81,
                0.81,
                -0.28
            ],
            [
                0.5,
                0.48,
                0.54,
                0.81,
                1.0,
                0.89,
                -0.3
            ],
            [
                0.74,
                0.72,
                0.74,
                0.81,
                0.89,
                1.0,
                0.06
            ],
            [
                0.41,
                0.41,
                0.38,
                -0.28,
                -0.3,
                0.06,
                1.0
            ]
        ],
        "2015": [
            [
                1.0,
                1.0,
                0.99,
                0.5,
                0.83,
                0.89,
                0.69
            ],
            [
                1.0,
                1.0,
                0.98,
                0.52,
                0.83,
                0.89,
                0.66
            ],
            [
                0.99,
                0.98,
                1.0,
                0.43,
                0.79,
                0.85,
                0.72
            ],
            [
                0.5,
                0.52,
                0.43,
                1.0,
                0.69,
                0.66,
                -0.07
            ],
            [
                0.83,
                0.83,
                0.79,
                0.69,
                1.0,
                0.97,
                0.28
            ],
            [
                0.89,
                0.89,
                0.85,
                0.66,
                0.97,
                1.0,
                0.33
            ],
            [
                0.69,
                0.66,
                0.72,
                -0.07,
                0.28,
                0.33,
                1.0
            ]
        ],
        "2016": [
            [
                1.0,
                1.0,
                1.0,
                0.55,
                0.69,
                0.83,
                0.7
            ],
            [
                1.0,
                1.0,
                0.99,
                0.56,
                0.69,
                0.84,
                0.68
            ],
            [
                1.0,
                0.99,
                1.0,
                0.51,
                0.7,
                0.83,
                0.73
            ],
            [
                0.55,
                0.56,
                0.51,
                1.0,
                0.48,
                0.5,
                -0.02
            ],
            [
                0.69,
                0.69,
                0.7,
                0.48,
                1.0,
                0.93,
                0.42
            ],
            [
                0.83,
                0.84,
                0.83,
                0.5,
                0.93,
                1.0,
                0.53
            ],
            [
                0.7,
                0.68,
                0.73,
                -0.02,
                0.42,
                0.53,
                1.0
            ]
        ],
        "2017": [
            [
                1.0,
                1.0,
                0.99,
                0.37,
                0.77,
                0.92,
                0.75
            ],
            [
                1.0,
                1.0,
                0.99,
                0.34,
                0.75,
                0.91,
                0.76
            ],
            [
                0.99,
                0.99,
                1.0,
                0.42,
                0.79,
                0.94,
                0.73
            ],
            [
                0.37,
                0.34,
                0.42,
                1.0,
                0.73,
                0.59,
                -0.1
            ],
            [
                0.77,
                0.75,
                0.79,
                0.73,
                1.0,
                0.92,
                0.31
            ],
            [
                0.92,
                0.91,
                0.94,
                0.59,
                0.92,
                1.0,
                0.54
            ],
            [
                0.75,
                0.76,
                0.73,
                -0.1,
                0.31,
                0.54,
                1.0
            ]
        ],
        "2018": [
            [
                1.0,
                0.99,
                0.99,
                0.18,
                0.67,
                0.87,
                0.85
            ],
            [
                0.99,
                1.0,
                0.99,
                0.13,
                0.68,
                0.87,
                0.85
            ],
            [
                0.99,
                0.99,
                1.0,
                0.16,
                0.62,
                0.83,
                0.85
            ],
            [
                0.18,
                0.13,
                0.16,
                1.0,
                0.19,
                0.23,
                -0.22
            ],
            [
                0.67,
                0.68,
                0.62,
                0.19,
                1.0,
                0.92,
                0.41
            ],
            [
                0.87,
                0.87,
                0.83,
                0.23,
                0.92,
                1.0,
                0.58
            ],
            [
                0.85,
                0.85,
                0.85,
                -0.22,
                0.41,
                0.58,
                1.0
            ]
        ]
    },
    "广西壮族自治区": {
        "2013": [
            [
                1.0,
                1.0,
                0.99,
                0.88,
                0.73,
                0.95,
                -0.16
            ],
            [
                1.0,
                1.0,
                0.99,
                0.88,
                0.74,
                0.95,
                -0.17
            ],
            [
                0.99,
                0.99,
                1.0,
                0.93,
                0.8,
                0.97,
                -0.16
            ],
            [
                0.88,
                0.88,
                0.93,
                1.0,
                0.93,
                0.94,
                -0.07
            ],
            [
                0.73,
                0.74,
                0.8,
                0.93,
                1.0,
                0.88,
                -0.27
            ],
            [
                0.95,
                0.95,
                0.97,
                0.94,
                0.88,
                1.0,
                -0.26
            ],
            [
                -0.16,
                -0.17,
                -0.16,
                -0.07,
                -0.27,
                -0.26,
                1.0
            ]
        ],
        "2014": [
            [
                1.0,
                1.0,
                0.98,
                0.78,
                0.89,
                0.9,
                -0.03
            ],
            [
                1.0,
                1.0,
                0.98,
                0.79,
                0.89,
                0.91,
                -0.04
            ],
            [
                0.98,
                0.98,
                1.0,
                0.87,
                0.93,
                0.89,
                -0.09
            ],
            [
                0.78,
                0.79,
                0.87,
                1.0,
                0.85,
                0.76,
                -0.19
            ],
            [
                0.89,
                0.89,
                0.93,
                0.85,
                1.0,
                0.9,
                -0.42
            ],
            [
                0.9,
                0.91,
                0.89,
                0.76,
                0.9,
                1.0,
                -0.38
            ],
            [
                -0.03,
                -0.04,
                -0.09,
                -0.19,
                -0.42,
                -0.38,
                1.0
            ]
        ],
        "2015": [
            [
                1.0,
                1.0,
                1.0,
                0.55,
                0.8,
                0.82,
                0.01
            ],
            [
                1.0,
                1.0,
                0.99,
                0.54,
                0.8,
                0.83,
                0.01
            ],
            [
                1.0,
                0.99,
                1.0,
                0.56,
                0.78,
                0.79,
                0.07
            ],
            [
                0.55,
                0.54,
                0.56,
                1.0,
                0.8,
                0.63,
                -0.44
            ],
            [
                0.8,
                0.8,
                0.78,
                0.8,
                1.0,
                0.87,
                -0.46
            ],
            [
                0.82,
                0.83,
                0.79,
                0.63,
                0.87,
                1.0,
                -0.45
            ],
            [
                0.01,
                0.01,
                0.07,
                -0.44,
                -0.46,
                -0.45,
                1.0
            ]
        ],
        "2016": [
            [
                1.0,
                1.0,
                1.0,
                0.83,
                0.74,
                0.61,
                0.1
            ],
            [
                1.0,
                1.0,
                0.99,
                0.82,
                0.73,
                0.59,
                0.11
            ],
            [
                1.0,
                0.99,
                1.0,
                0.84,
                0.76,
                0.6,
                0.08
            ],
            [
                0.83,
                0.82,
                0.84,
                1.0,
                0.86,
                0.74,
                -0.05
            ],
            [
                0.74,
                0.73,
                0.76,
                0.86,
                1.0,
                0.82,
                -0.48
            ],
            [
                0.61,
                0.59,
                0.6,
                0.74,
                0.82,
                1.0,
                -0.53
            ],
            [
                0.1,
                0.11,
                0.08,
                -0.05,
                -0.48,
                -0.53,
                1.0
            ]
        ],
        "2017": [
            [
                1.0,
                1.0,
                1.0,
                0.88,
                0.81,
                0.96,
                0.09
            ],
            [
                1.0,
                1.0,
                1.0,
                0.88,
                0.82,
                0.96,
                0.09
            ],
            [
                1.0,
                1.0,
                1.0,
                0.88,
                0.82,
                0.96,
                0.09
            ],
            [
                0.88,
                0.88,
                0.88,
                1.0,
                0.88,
                0.85,
                0.17
            ],
            [
                0.81,
                0.82,
                0.82,
                0.88,
                1.0,
                0.79,
                -0.14
            ],
            [
                0.96,
                0.96,
                0.96,
                0.85,
                0.79,
                1.0,
                -0.09
            ],
            [
                0.09,
                0.09,
                0.09,
                0.17,
                -0.14,
                -0.09,
                1.0
            ]
        ],
        "2018": [
            [
                1.0,
                1.0,
                0.99,
                0.74,
                0.9,
                0.97,
                -0.37
            ],
            [
                1.0,
                1.0,
                0.99,
                0.69,
                0.9,
                0.97,
                -0.36
            ],
            [
                0.99,
                0.99,
                1.0,
                0.78,
                0.9,
                0.96,
                -0.38
            ],
            [
                0.74,
                0.69,
                0.78,
                1.0,
                0.75,
                0.69,
                -0.54
            ],
            [
                0.9,
                0.9,
                0.9,
                0.75,
                1.0,
                0.91,
                -0.69
            ],
            [
                0.97,
                0.97,
                0.96,
                0.69,
                0.91,
                1.0,
                -0.44
            ],
            [
                -0.37,
                -0.36,
                -0.38,
                -0.54,
                -0.69,
                -0.44,
                1.0
            ]
        ]
    },
    "香港": {
        "2013": [
            [
                1.0,
                0.99,
                0.99,
                0.94,
                0.93,
                0.93,
                0.68
            ],
            [
                0.99,
                1.0,
                1.0,
                0.95,
                0.89,
                0.93,
                0.72
            ],
            [
                0.99,
                1.0,
                1.0,
                0.94,
                0.87,
                0.93,
                0.75
            ],
            [
                0.94,
                0.95,
                0.94,
                1.0,
                0.83,
                0.88,
                0.54
            ],
            [
                0.93,
                0.89,
                0.87,
                0.83,
                1.0,
                0.8,
                0.5
            ],
            [
                0.93,
                0.93,
                0.93,
                0.88,
                0.8,
                1.0,
                0.64
            ],
            [
                0.68,
                0.72,
                0.75,
                0.54,
                0.5,
                0.64,
                1.0
            ]
        ],
        "2014": [
            [
                1.0,
                0.99,
                0.98,
                0.92,
                0.93,
                0.91,
                0.67
            ],
            [
                0.99,
                1.0,
                0.99,
                0.93,
                0.91,
                0.95,
                0.69
            ],
            [
                0.98,
                0.99,
                1.0,
                0.93,
                0.88,
                0.95,
                0.72
            ],
            [
                0.92,
                0.93,
                0.93,
                1.0,
                0.82,
                0.96,
                0.53
            ],
            [
                0.93,
                0.91,
                0.88,
                0.82,
                1.0,
                0.78,
                0.41
            ],
            [
                0.91,
                0.95,
                0.95,
                0.96,
                0.78,
                1.0,
                0.64
            ],
            [
                0.67,
                0.69,
                0.72,
                0.53,
                0.41,
                0.64,
                1.0
            ]
        ],
        "2015": [
            [
                1.0,
                0.99,
                0.99,
                0.85,
                0.91,
                0.96,
                0.45
            ],
            [
                0.99,
                1.0,
                1.0,
                0.82,
                0.87,
                0.96,
                0.52
            ],
            [
                0.99,
                1.0,
                1.0,
                0.83,
                0.88,
                0.96,
                0.51
            ],
            [
                0.85,
                0.82,
                0.83,
                1.0,
                0.87,
                0.83,
                0.44
            ],
            [
                0.91,
                0.87,
                0.88,
                0.87,
                1.0,
                0.91,
                0.19
            ],
            [
                0.96,
                0.96,
                0.96,
                0.83,
                0.91,
                1.0,
                0.36
            ],
            [
                0.45,
                0.52,
                0.51,
                0.44,
                0.19,
                0.36,
                1.0
            ]
        ],
        "2016": [
            [
                1.0,
                0.96,
                0.96,
                0.85,
                0.9,
                0.86,
                0.59
            ],
            [
                0.96,
                1.0,
                0.99,
                0.85,
                0.76,
                0.88,
                0.7
            ],
            [
                0.96,
                0.99,
                1.0,
                0.88,
                0.76,
                0.91,
                0.66
            ],
            [
                0.85,
                0.85,
                0.88,
                1.0,
                0.75,
                0.93,
                0.44
            ],
            [
                0.9,
                0.76,
                0.76,
                0.75,
                1.0,
                0.72,
                0.33
            ],
            [
                0.86,
                0.88,
                0.91,
                0.93,
                0.72,
                1.0,
                0.37
            ],
            [
                0.59,
                0.7,
                0.66,
                0.44,
                0.33,
                0.37,
                1.0
            ]
        ],
        "2017": [
            [
                1.0,
                0.99,
                0.99,
                0.82,
                0.95,
                0.92,
                0.75
            ],
            [
                0.99,
                1.0,
                0.99,
                0.84,
                0.92,
                0.94,
                0.79
            ],
            [
                0.99,
                0.99,
                1.0,
                0.86,
                0.92,
                0.94,
                0.78
            ],
            [
                0.82,
                0.84,
                0.86,
                1.0,
                0.71,
                0.91,
                0.72
            ],
            [
                0.95,
                0.92,
                0.92,
                0.71,
                1.0,
                0.84,
                0.57
            ],
            [
                0.92,
                0.94,
                0.94,
                0.91,
                0.84,
                1.0,
                0.8
            ],
            [
                0.75,
                0.79,
                0.78,
                0.72,
                0.57,
                0.8,
                1.0
            ]
        ],
        "2018": [
            [
                1.0,
                0.99,
                0.99,
                0.91,
                0.89,
                0.92,
                0.46
            ],
            [
                0.99,
                1.0,
                0.98,
                0.86,
                0.89,
                0.88,
                0.47
            ],
            [
                0.99,
                0.98,
                1.0,
                0.9,
                0.87,
                0.91,
                0.44
            ],
            [
                0.91,
                0.86,
                0.9,
                1.0,
                0.89,
                0.95,
                0.22
            ],
            [
                0.89,
                0.89,
                0.87,
                0.89,
                1.0,
                0.94,
                0.11
            ],
            [
                0.92,
                0.88,
                0.91,
                0.95,
                0.94,
                1.0,
                0.19
            ],
            [
                0.46,
                0.47,
                0.44,
                0.22,
                0.11,
                0.19,
                1.0
            ]
        ]
    },
    "台湾省": {
        "2013": [
            [
                1.0,
                0.96,
                0.97,
                0.7,
                0.09,
                0.76,
                0.56
            ],
            [
                0.96,
                1.0,
                1.0,
                0.71,
                0.22,
                0.79,
                0.47
            ],
            [
                0.97,
                1.0,
                1.0,
                0.72,
                0.18,
                0.82,
                0.5
            ],
            [
                0.7,
                0.71,
                0.72,
                1.0,
                0.41,
                0.82,
                0.01
            ],
            [
                0.09,
                0.22,
                0.18,
                0.41,
                1.0,
                0.18,
                -0.67
            ],
            [
                0.76,
                0.79,
                0.82,
                0.82,
                0.18,
                1.0,
                0.32
